[array([[[[-1.5107958e-01, -1.3970491e-01,  1.3633528e-01, ...,
          -1.3427630e-02, -3.6462736e-01,  2.6023850e-02],
         [ 5.5630580e-02,  6.3884199e-02,  1.3336988e-01, ...,
          -1.6533434e-03, -3.6656970e-01,  5.0719932e-02],
         [ 1.9622205e-01,  1.5067399e-01,  1.4525421e-01, ...,
          -1.8046245e-01, -3.9900741e-01, -4.2072386e-03],
         ...,
         [-7.5591743e-02, -6.0544914e-01, -3.5538375e-02, ...,
          -1.6945907e-01, -3.6057118e-01, -3.6207479e-01],
         [-3.5552263e-01, -4.6579292e-01,  1.4009988e-01, ...,
          -3.5167873e-01, -4.7667637e-02, -2.3432125e-01],
         [ 8.5632801e-02, -3.6035687e-01,  4.3662339e-01, ...,
          -7.4653518e-01,  5.0776613e-01, -1.2298401e-01]],

        [[-7.4948207e-02, -2.5878486e-01, -1.9793539e-01, ...,
           1.0290375e-01, -6.6078210e-01, -3.4753263e-01],
         [-2.2991702e-02, -3.6378789e-01, -1.5754743e-01, ...,
           3.9498821e-02, -4.2686924e-01, -3.7014329e-01],
         [ 1.7034363e-02, -4.9429268e-01,  1.3503745e-01, ...,
          -2.3688954e-01, -3.4076494e-01, -2.8269869e-01],
         ...,
         [-1.5392935e-01, -1.4309769e+00, -7.3965448e-01, ...,
           5.2188742e-01, -7.5766259e-01, -1.7810850e-01],
         [-7.9235542e-01, -1.1490428e+00, -5.7766879e-01, ...,
           1.9719023e-01, -4.3199435e-01, -2.4192668e-01],
         [-4.6836948e-01, -8.8597655e-01, -8.3830304e-02, ...,
          -4.6623877e-01,  4.8139179e-01, -2.7979565e-01]],

        [[-5.1767692e-02, -3.1434894e-01, -4.0611476e-01, ...,
           3.1043649e-01, -9.2727625e-01, -8.4481627e-02],
         [ 1.7068064e-01, -3.8274825e-01, -1.3619976e-01, ...,
           1.7672288e-01, -4.4078648e-01, -4.5411605e-01],
         [ 2.5767708e-01, -3.7138501e-01,  2.7522925e-01, ...,
          -2.1861075e-01, -3.8153353e-01, -7.5287938e-01],
         ...,
         [ 2.1474726e-01, -1.3986661e+00, -1.2989539e+00, ...,
           1.1919668e+00, -1.2320275e+00,  5.5374956e-01],
         [-7.8486717e-01, -1.3829052e+00, -1.3731358e+00, ...,
           9.2323613e-01, -1.0820163e+00,  2.6336232e-01],
         [-1.1154379e+00, -1.3266320e+00, -9.2860490e-01, ...,
           2.5297123e-01, -4.1787297e-02,  1.2466311e-03]],

        ...,

        [[-5.5138797e-02, -4.0615705e-01, -5.3337049e-01, ...,
           1.6731024e+00, -2.5356224e+00, -1.5091161e-01],
         [ 5.2901432e-03, -3.4056175e-01, -1.2662916e-01, ...,
           1.5406435e+00, -1.0610244e+00, -2.4617346e-01],
         [ 1.1298889e-01, -2.5418061e-01, -4.4370994e-02, ...,
          -5.3327799e-01,  6.8299860e-02, -2.7740395e-01],
         ...,
         [-7.0757180e-02,  6.0542917e-01, -1.0917261e+00, ...,
           8.9585736e-02, -9.4075191e-01,  2.4229766e-01],
         [-4.6238297e-01,  1.3574433e-01, -4.5029590e-01, ...,
          -5.7438076e-01, -4.4666243e-01, -3.9620936e-01],
         [-9.9879876e-02, -3.3059663e-01,  1.3822789e+00, ...,
          -6.5228754e-01,  4.8226041e-01, -8.3284503e-01]],

        [[ 1.7760101e-01, -9.6923667e-01, -8.2186818e-01, ...,
           1.5683624e+00, -2.0257354e+00,  2.7414751e-01],
         [-2.9841596e-01, -1.5157325e+00, -6.3947976e-01, ...,
           1.7148050e+00, -8.5377026e-01,  4.3239743e-01],
         [-9.8177850e-02, -1.8391802e+00, -1.0928887e+00, ...,
           6.2753379e-02,  9.5364243e-02,  5.6709856e-01],
         ...,
         [ 9.8133534e-02, -1.5372064e+00, -1.2479882e+00, ...,
           4.4406664e-01, -1.0484593e+00, -4.7170407e-01],
         [-5.3079420e-01, -2.0716510e+00, -2.3316494e-01, ...,
          -7.4473299e-02, -2.6128542e-01, -7.2114372e-01],
         [-8.4636217e-01, -2.1807680e+00,  7.6432610e-01, ...,
          -3.1004274e-01,  6.9507062e-01, -5.8567291e-01]],

        [[ 6.7828071e-01, -1.2363427e+00, -2.2731993e-01, ...,
           1.0427201e+00, -1.4267142e+00,  5.1963884e-01],
         [ 2.6064831e-01, -1.3388610e+00, -3.1456900e-01, ...,
           1.3194779e+00, -7.6219398e-01,  5.8489025e-01],
         [-3.7475228e-02, -1.3772261e+00, -1.1598774e+00, ...,
           6.7989439e-02, -5.7024091e-02,  8.5972399e-01],
         ...,
         [ 4.7991741e-01, -1.3678976e+00, -4.8552370e-01, ...,
           6.4523256e-01, -9.7129101e-01, -2.1314870e-01],
         [ 2.0119335e-01, -1.1179328e+00,  3.4714988e-01, ...,
           3.7757599e-01, -4.6688268e-01, -4.8084593e-01],
         [-5.1285791e-01, -8.8347614e-01,  1.3599569e-01, ...,
          -9.4544850e-02,  2.8620249e-01, -5.6909984e-01]]]],
      dtype=float32), array([[[[-8.26698303e-01,  5.51692545e-02, -1.34710386e-01, ...,
           1.97795823e-01, -3.41469437e-01,  1.59253553e-03],
         [-2.91728675e-01,  3.08668643e-01, -1.38824806e-01, ...,
           2.14312717e-01, -3.43902826e-01,  3.30671594e-02],
         [ 7.21245706e-02,  4.16735083e-01, -1.22335598e-01, ...,
          -3.65195274e-02, -3.84541571e-01, -3.69363353e-02],
         ...,
         [-6.31334424e-01, -5.24753094e-01, -3.73180687e-01, ...,
          -2.10840553e-02, -3.36387724e-01, -4.93030816e-01],
         [-1.35580063e+00, -3.50859880e-01, -1.29487097e-01, ...,
          -2.76700616e-01,  5.56254238e-02, -3.30211699e-01],
         [-2.14082405e-01, -2.19575971e-01,  2.81931758e-01, ...,
          -8.30602646e-01,  7.51486301e-01, -1.88314766e-01]],

        [[-6.29668951e-01, -9.31033939e-02, -5.98502398e-01, ...,
           3.60984743e-01, -7.12499321e-01, -4.74497169e-01],
         [-4.95204568e-01, -2.23848119e-01, -5.42465150e-01, ...,
           2.72040725e-01, -4.19447571e-01, -5.03313899e-01],
         [-3.91616404e-01, -3.86346430e-01, -1.36511102e-01, ...,
          -1.15675084e-01, -3.11574012e-01, -3.91867697e-01],
         ...,
         [-8.34073544e-01, -1.55266058e+00, -1.35012388e+00, ...,
           9.48732257e-01, -8.33873570e-01, -2.58569717e-01],
         [-2.48633170e+00, -1.20160985e+00, -1.12537289e+00, ...,
           4.93249238e-01, -4.25868422e-01, -3.39904666e-01],
         [-1.64785028e+00, -8.74052405e-01, -4.40184534e-01, ...,
          -4.37404692e-01,  7.18443871e-01, -3.88167828e-01]],

        [[-5.69677353e-01, -1.62289113e-01, -8.87345970e-01, ...,
           6.52110279e-01, -1.04636955e+00, -1.39244318e-01],
         [ 6.02293015e-03, -2.47456640e-01, -5.12845814e-01, ...,
           4.64537740e-01, -4.36883420e-01, -6.10335469e-01],
         [ 2.31171250e-01, -2.33307689e-01,  5.80014586e-02, ...,
          -9.00337100e-02, -3.62649888e-01, -9.91102815e-01],
         ...,
         [ 1.20068133e-01, -1.51242888e+00, -2.12613773e+00, ...,
           1.88871539e+00, -1.42816937e+00,  6.74167633e-01],
         [-2.46695185e+00, -1.49280417e+00, -2.22906303e+00, ...,
           1.51174164e+00, -1.24023163e+00,  3.04075301e-01],
         [-3.32247496e+00, -1.42273545e+00, -1.61228776e+00, ...,
           5.71498513e-01,  6.29924536e-02, -2.99854949e-02]],

        ...,

        [[-5.78401804e-01, -2.76604176e-01, -1.06391001e+00, ...,
           2.56364918e+00, -3.06134486e+00, -2.23907888e-01],
         [-4.22010630e-01, -1.94928050e-01, -4.99566853e-01, ...,
           2.37783647e+00, -1.21393251e+00, -3.45317096e-01],
         [-1.43284366e-01, -8.73703957e-02, -3.85435730e-01, ...,
          -5.31446874e-01,  2.00912327e-01, -3.85119647e-01],
         ...,
         [-6.18822455e-01,  9.82974410e-01, -1.83861423e+00, ...,
           3.42302382e-01, -1.06325221e+00,  2.77228832e-01],
         [-1.63235700e+00,  3.98145407e-01, -9.48646188e-01, ...,
          -5.89105546e-01, -4.44244951e-01, -5.36534548e-01],
         [-6.94192529e-01, -1.82519957e-01,  1.59400463e+00, ...,
          -6.98392689e-01,  7.19532132e-01, -1.09301746e+00]],

        [[ 2.39329636e-02, -9.77723837e-01, -1.46419334e+00, ...,
           2.41672039e+00, -2.42254591e+00,  3.17820787e-01],
         [-1.20800757e+00, -1.65819430e+00, -1.21113396e+00, ...,
           2.62214923e+00, -9.54279542e-01,  5.19506931e-01],
         [-6.89787626e-01, -2.06093574e+00, -1.84022737e+00, ...,
           3.04662049e-01,  2.34819233e-01,  6.91180587e-01],
         ...,
         [-1.81730285e-01, -1.68493259e+00, -2.05542397e+00, ...,
           8.39565873e-01, -1.19819069e+00, -6.32750988e-01],
         [-1.80940652e+00, -2.35039711e+00, -6.47382498e-01, ...,
           1.12161383e-01, -2.12000132e-01, -9.50656414e-01],
         [-2.62610221e+00, -2.48626447e+00,  7.36610949e-01, ...,
          -2.18293920e-01,  9.86145914e-01, -7.78001785e-01]],

        [[ 1.31970108e+00, -1.31031144e+00, -6.39272690e-01, ...,
           1.67935300e+00, -1.67207754e+00,  6.30694151e-01],
         [ 2.38860846e-01, -1.43796241e+00, -7.60328531e-01, ...,
           2.06758690e+00, -8.39550555e-01,  7.13855743e-01],
         [-5.32688200e-01, -1.48573279e+00, -1.93317246e+00, ...,
           3.12007189e-01,  4.39034291e-02,  1.06412530e+00],
         ...,
         [ 8.06333184e-01, -1.47411740e+00, -9.97523844e-01, ...,
           1.12176001e+00, -1.10151231e+00, -3.03227693e-01],
         [ 8.49903524e-02, -1.16287315e+00,  1.57789528e-01, ...,
           7.46293187e-01, -4.69577372e-01, -6.44402027e-01],
         [-1.76298714e+00, -8.70939016e-01, -1.35181576e-01, ...,
           8.40051025e-02,  4.73906040e-01, -7.56879807e-01]]]],
      dtype=float32), array([[[[0.0000000e+00, 5.5169255e-02, 0.0000000e+00, ...,
          1.9779582e-01, 0.0000000e+00, 1.5925355e-03],
         [0.0000000e+00, 3.0866864e-01, 0.0000000e+00, ...,
          2.1431272e-01, 0.0000000e+00, 3.3067159e-02],
         [7.2124571e-02, 4.1673508e-01, 0.0000000e+00, ...,
          0.0000000e+00, 0.0000000e+00, 0.0000000e+00],
         ...,
         [0.0000000e+00, 0.0000000e+00, 0.0000000e+00, ...,
          0.0000000e+00, 0.0000000e+00, 0.0000000e+00],
         [0.0000000e+00, 0.0000000e+00, 0.0000000e+00, ...,
          0.0000000e+00, 5.5625424e-02, 0.0000000e+00],
         [0.0000000e+00, 0.0000000e+00, 2.8193176e-01, ...,
          0.0000000e+00, 7.5148630e-01, 0.0000000e+00]],

        [[0.0000000e+00, 0.0000000e+00, 0.0000000e+00, ...,
          3.6098474e-01, 0.0000000e+00, 0.0000000e+00],
         [0.0000000e+00, 0.0000000e+00, 0.0000000e+00, ...,
          2.7204072e-01, 0.0000000e+00, 0.0000000e+00],
         [0.0000000e+00, 0.0000000e+00, 0.0000000e+00, ...,
          0.0000000e+00, 0.0000000e+00, 0.0000000e+00],
         ...,
         [0.0000000e+00, 0.0000000e+00, 0.0000000e+00, ...,
          9.4873226e-01, 0.0000000e+00, 0.0000000e+00],
         [0.0000000e+00, 0.0000000e+00, 0.0000000e+00, ...,
          4.9324924e-01, 0.0000000e+00, 0.0000000e+00],
         [0.0000000e+00, 0.0000000e+00, 0.0000000e+00, ...,
          0.0000000e+00, 7.1844387e-01, 0.0000000e+00]],

        [[0.0000000e+00, 0.0000000e+00, 0.0000000e+00, ...,
          6.5211028e-01, 0.0000000e+00, 0.0000000e+00],
         [6.0229301e-03, 0.0000000e+00, 0.0000000e+00, ...,
          4.6453774e-01, 0.0000000e+00, 0.0000000e+00],
         [2.3117125e-01, 0.0000000e+00, 5.8001459e-02, ...,
          0.0000000e+00, 0.0000000e+00, 0.0000000e+00],
         ...,
         [1.2006813e-01, 0.0000000e+00, 0.0000000e+00, ...,
          1.8887154e+00, 0.0000000e+00, 6.7416763e-01],
         [0.0000000e+00, 0.0000000e+00, 0.0000000e+00, ...,
          1.5117416e+00, 0.0000000e+00, 3.0407530e-01],
         [0.0000000e+00, 0.0000000e+00, 0.0000000e+00, ...,
          5.7149851e-01, 6.2992454e-02, 0.0000000e+00]],

        ...,

        [[0.0000000e+00, 0.0000000e+00, 0.0000000e+00, ...,
          2.5636492e+00, 0.0000000e+00, 0.0000000e+00],
         [0.0000000e+00, 0.0000000e+00, 0.0000000e+00, ...,
          2.3778365e+00, 0.0000000e+00, 0.0000000e+00],
         [0.0000000e+00, 0.0000000e+00, 0.0000000e+00, ...,
          0.0000000e+00, 2.0091233e-01, 0.0000000e+00],
         ...,
         [0.0000000e+00, 9.8297441e-01, 0.0000000e+00, ...,
          3.4230238e-01, 0.0000000e+00, 2.7722883e-01],
         [0.0000000e+00, 3.9814541e-01, 0.0000000e+00, ...,
          0.0000000e+00, 0.0000000e+00, 0.0000000e+00],
         [0.0000000e+00, 0.0000000e+00, 1.5940046e+00, ...,
          0.0000000e+00, 7.1953213e-01, 0.0000000e+00]],

        [[2.3932964e-02, 0.0000000e+00, 0.0000000e+00, ...,
          2.4167204e+00, 0.0000000e+00, 3.1782079e-01],
         [0.0000000e+00, 0.0000000e+00, 0.0000000e+00, ...,
          2.6221492e+00, 0.0000000e+00, 5.1950693e-01],
         [0.0000000e+00, 0.0000000e+00, 0.0000000e+00, ...,
          3.0466205e-01, 2.3481923e-01, 6.9118059e-01],
         ...,
         [0.0000000e+00, 0.0000000e+00, 0.0000000e+00, ...,
          8.3956587e-01, 0.0000000e+00, 0.0000000e+00],
         [0.0000000e+00, 0.0000000e+00, 0.0000000e+00, ...,
          1.1216138e-01, 0.0000000e+00, 0.0000000e+00],
         [0.0000000e+00, 0.0000000e+00, 7.3661095e-01, ...,
          0.0000000e+00, 9.8614591e-01, 0.0000000e+00]],

        [[1.3197011e+00, 0.0000000e+00, 0.0000000e+00, ...,
          1.6793530e+00, 0.0000000e+00, 6.3069415e-01],
         [2.3886085e-01, 0.0000000e+00, 0.0000000e+00, ...,
          2.0675869e+00, 0.0000000e+00, 7.1385574e-01],
         [0.0000000e+00, 0.0000000e+00, 0.0000000e+00, ...,
          3.1200719e-01, 4.3903429e-02, 1.0641253e+00],
         ...,
         [8.0633318e-01, 0.0000000e+00, 0.0000000e+00, ...,
          1.1217600e+00, 0.0000000e+00, 0.0000000e+00],
         [8.4990352e-02, 0.0000000e+00, 1.5778953e-01, ...,
          7.4629319e-01, 0.0000000e+00, 0.0000000e+00],
         [0.0000000e+00, 0.0000000e+00, 0.0000000e+00, ...,
          8.4005103e-02, 4.7390604e-01, 0.0000000e+00]]]], dtype=float32), array([[[[0.0000000e+00, 3.0866864e-01, 0.0000000e+00, 4.1310298e-01,
          6.8182451e-01, 3.6098474e-01, 0.0000000e+00, 3.3067159e-02],
         [1.5405518e-01, 4.1673508e-01, 1.6072771e-01, 4.3448693e-01,
          6.9395661e-01, 8.1307128e-02, 0.0000000e+00, 0.0000000e+00],
         [6.1287236e-01, 1.4793843e-01, 2.3710293e-01, 2.7255327e-01,
          8.1142652e-01, 0.0000000e+00, 1.6659191e-01, 0.0000000e+00],
         [2.8527409e-01, 6.9653839e-02, 0.0000000e+00, 0.0000000e+00,
          5.1296520e-01, 0.0000000e+00, 5.3643703e-01, 0.0000000e+00],
         [3.0372602e-01, 0.0000000e+00, 7.8330934e-03, 0.0000000e+00,
          4.4686764e-01, 0.0000000e+00, 4.6376282e-01, 5.2847719e-01],
         [0.0000000e+00, 0.0000000e+00, 0.0000000e+00, 0.0000000e+00,
          3.1904346e-01, 6.6574568e-01, 2.7136590e-02, 4.3232912e-01],
         [0.0000000e+00, 0.0000000e+00, 0.0000000e+00, 0.0000000e+00,
          3.5929501e-01, 9.4873226e-01, 0.0000000e+00, 1.0659635e-01],
         [0.0000000e+00, 0.0000000e+00, 2.8193176e-01, 2.2842270e-01,
          4.3914193e-01, 4.9324924e-01, 7.5148630e-01, 0.0000000e+00]],

        [[6.0229301e-03, 0.0000000e+00, 0.0000000e+00, 6.4629900e-01,
          9.8732972e-01, 1.0091239e+00, 0.0000000e+00, 0.0000000e+00],
         [7.3626781e-01, 0.0000000e+00, 5.8001459e-02, 3.0056161e-01,
          8.5228026e-01, 9.6071884e-02, 1.5491007e-02, 2.4460144e-02],
         [7.1246058e-02, 0.0000000e+00, 2.1827602e-01, 4.0448546e-01,
          7.8307873e-01, 0.0000000e+00, 2.2086692e+00, 5.7001066e-01],
         [7.7685654e-01, 0.0000000e+00, 5.3493637e-01, 0.0000000e+00,
          0.0000000e+00, 0.0000000e+00, 1.9902785e+00, 1.5955104e+00],
         [0.0000000e+00, 5.9705055e-01, 0.0000000e+00, 1.7420378e-01,
          0.0000000e+00, 2.4698578e-01, 6.7218310e-01, 1.6072479e+00],
         [5.0371873e-01, 1.1232318e+00, 0.0000000e+00, 5.3338975e-01,
          0.0000000e+00, 9.8285580e-01, 1.3644447e-02, 1.9661739e+00],
         [2.5371342e+00, 8.0579925e-01, 0.0000000e+00, 5.8352351e-03,
          0.0000000e+00, 1.8887154e+00, 0.0000000e+00, 2.0361259e+00],
         [0.0000000e+00, 0.0000000e+00, 0.0000000e+00, 5.4768240e-01,
          0.0000000e+00, 2.0216322e+00, 6.2992454e-02, 1.2327311e+00]],

        [[0.0000000e+00, 0.0000000e+00, 0.0000000e+00, 2.2811222e-01,
          1.1290188e+00, 1.4127070e+00, 0.0000000e+00, 0.0000000e+00],
         [3.1052738e-02, 0.0000000e+00, 1.5991271e-02, 0.0000000e+00,
          7.6423353e-01, 0.0000000e+00, 9.5401907e-01, 6.0947597e-01],
         [5.1854694e-01, 3.9270368e-01, 1.2922559e+00, 0.0000000e+00,
          0.0000000e+00, 0.0000000e+00, 3.0708792e+00, 7.8052056e-01],
         [8.8432586e-01, 8.0631232e-01, 6.2070411e-01, 2.4958329e+00,
          0.0000000e+00, 0.0000000e+00, 1.7631567e+00, 1.2750270e+00],
         [0.0000000e+00, 2.0666945e+00, 2.1808755e-01, 1.8909464e+00,
          7.2206110e-01, 1.0452462e+00, 0.0000000e+00, 1.1941204e+00],
         [0.0000000e+00, 2.1525061e+00, 1.1919458e+00, 6.1723632e-01,
          3.5676008e-01, 0.0000000e+00, 1.1795199e+00, 1.2732310e+00],
         [3.8891690e+00, 1.3653072e+00, 1.7940922e+00, 0.0000000e+00,
          0.0000000e+00, 7.3608404e-01, 1.8809394e+00, 2.1176393e+00],
         [2.6447432e+00, 6.9444394e-01, 3.5673678e-01, 7.5566477e-01,
          3.1978410e-01, 2.8058507e+00, 0.0000000e+00, 2.1212308e+00]],

        [[0.0000000e+00, 0.0000000e+00, 0.0000000e+00, 1.8938944e-01,
          1.2708093e+00, 1.7227676e+00, 0.0000000e+00, 0.0000000e+00],
         [0.0000000e+00, 4.6642065e-02, 2.6010275e-03, 9.5952749e-02,
          8.2098043e-01, 0.0000000e+00, 1.1343744e+00, 0.0000000e+00],
         [3.9013022e-01, 5.1104879e-01, 1.0609219e+00, 0.0000000e+00,
          0.0000000e+00, 0.0000000e+00, 3.6377289e+00, 7.9159176e-01],
         [2.3160083e+00, 4.5202181e-01, 0.0000000e+00, 1.6415641e+00,
          7.8008547e-02, 2.6167661e-02, 1.8180240e+00, 9.6234179e-01],
         [1.1108356e+00, 0.0000000e+00, 0.0000000e+00, 2.0628697e-01,
          4.8830843e-01, 2.2596745e+00, 0.0000000e+00, 6.0417044e-01],
         [0.0000000e+00, 0.0000000e+00, 5.0446391e-04, 0.0000000e+00,
          0.0000000e+00, 6.8623227e-01, 1.2721112e+00, 4.9348781e-01],
         [3.3831280e-01, 0.0000000e+00, 5.5047649e-01, 1.0109899e+00,
          0.0000000e+00, 0.0000000e+00, 1.9691800e+00, 0.0000000e+00],
         [1.0162921e+00, 1.0227767e-01, 0.0000000e+00, 2.6799154e+00,
          6.8806243e-01, 2.5870535e+00, 0.0000000e+00, 3.2829496e-01]],

        [[0.0000000e+00, 0.0000000e+00, 0.0000000e+00, 0.0000000e+00,
          1.4743398e+00, 2.0582316e+00, 0.0000000e+00, 0.0000000e+00],
         [0.0000000e+00, 0.0000000e+00, 2.6261568e-02, 3.8440835e-01,
          9.4476056e-01, 0.0000000e+00, 1.4459894e+00, 4.5119938e-01],
         [0.0000000e+00, 3.4079909e-02, 9.1640407e-01, 0.0000000e+00,
          0.0000000e+00, 0.0000000e+00, 3.5277903e+00, 3.9530468e-01],
         [1.0718840e-01, 9.6309221e-01, 6.2948829e-01, 1.6301513e+00,
          3.3183968e-01, 1.6804214e-01, 1.6110681e+00, 2.5626290e-01],
         [8.0143142e-01, 1.7950555e+00, 1.6047125e+00, 8.7482291e-01,
          9.7686076e-01, 1.8205771e+00, 0.0000000e+00, 9.9601054e-01],
         [2.3831242e-01, 2.7423294e+00, 1.3411040e+00, 7.4625307e-01,
          8.9368153e-01, 2.3234631e-01, 8.1132275e-01, 1.5882939e+00],
         [2.5714588e+00, 2.6002827e+00, 1.4426663e+00, 1.2152302e+00,
          1.6799194e-01, 0.0000000e+00, 1.9765821e+00, 1.1330247e+00],
         [3.4967263e+00, 4.5004955e-01, 6.5620297e-01, 1.1862667e+00,
          4.2794901e-01, 2.3781080e+00, 0.0000000e+00, 6.0356355e-01]],

        [[0.0000000e+00, 0.0000000e+00, 0.0000000e+00, 1.5724695e-01,
          1.6561911e+00, 2.2512100e+00, 0.0000000e+00, 0.0000000e+00],
         [0.0000000e+00, 6.8458349e-02, 4.1096407e-01, 0.0000000e+00,
          8.6050791e-01, 0.0000000e+00, 1.5970449e+00, 6.8297416e-02],
         [9.1652107e-01, 3.0107293e-01, 8.0141145e-01, 5.4146510e-01,
          0.0000000e+00, 0.0000000e+00, 2.8341970e+00, 3.4771466e-01],
         [1.9806890e+00, 1.1690113e-01, 0.0000000e+00, 1.8459482e+00,
          9.7648734e-01, 8.2078147e-01, 7.4728996e-02, 1.9239616e-01],
         [7.8824788e-02, 0.0000000e+00, 2.9724526e-01, 3.3901590e-01,
          1.3244648e+00, 1.7054322e+00, 0.0000000e+00, 0.0000000e+00],
         [0.0000000e+00, 0.0000000e+00, 2.0664328e-01, 1.4755794e-01,
          9.9293613e-01, 7.3206574e-03, 1.0897665e+00, 0.0000000e+00],
         [0.0000000e+00, 0.0000000e+00, 1.1920245e+00, 0.0000000e+00,
          0.0000000e+00, 0.0000000e+00, 2.2929418e+00, 0.0000000e+00],
         [1.8756595e+00, 3.0179164e-01, 9.6424752e-01, 2.0728865e+00,
          6.1951506e-01, 1.6907827e+00, 0.0000000e+00, 5.4513508e-01]],

        [[0.0000000e+00, 0.0000000e+00, 0.0000000e+00, 3.4767079e-01,
          1.9681555e+00, 2.5636492e+00, 0.0000000e+00, 0.0000000e+00],
         [0.0000000e+00, 1.2981570e-01, 2.7640092e-01, 0.0000000e+00,
          1.2760671e+00, 0.0000000e+00, 1.2759708e+00, 0.0000000e+00],
         [0.0000000e+00, 3.1791499e-01, 1.7704117e-01, 2.3134464e-01,
          3.4355140e-01, 0.0000000e+00, 2.3680160e+00, 7.6308981e-02],
         [1.9898024e+00, 3.9887318e-01, 1.6932271e+00, 3.5427457e-01,
          4.1068494e-01, 1.9616662e-01, 1.3450179e+00, 3.4244925e-01],
         [1.1206475e+00, 1.1187046e+00, 1.5299718e+00, 0.0000000e+00,
          0.0000000e+00, 1.2731628e+00, 8.2790226e-02, 1.0309122e+00],
         [1.1830583e-01, 1.4725959e+00, 0.0000000e+00, 3.0054116e-01,
          1.9310386e-01, 4.7904778e-01, 0.0000000e+00, 1.3067696e+00],
         [0.0000000e+00, 1.3961850e+00, 0.0000000e+00, 2.7023878e+00,
          1.7220246e+00, 6.0446680e-01, 2.5602251e-01, 1.0174606e+00],
         [0.0000000e+00, 1.3865902e+00, 1.5940046e+00, 2.9151354e+00,
          1.5105501e+00, 0.0000000e+00, 7.1953213e-01, 0.0000000e+00]],

        [[1.3197011e+00, 0.0000000e+00, 0.0000000e+00, 0.0000000e+00,
          1.6477818e+00, 2.6221492e+00, 0.0000000e+00, 7.1385574e-01],
         [0.0000000e+00, 0.0000000e+00, 0.0000000e+00, 0.0000000e+00,
          5.8034045e-01, 3.1200719e-01, 5.4341811e-01, 1.2416431e+00],
         [0.0000000e+00, 0.0000000e+00, 0.0000000e+00, 0.0000000e+00,
          0.0000000e+00, 0.0000000e+00, 1.6496457e+00, 8.8355637e-01],
         [0.0000000e+00, 0.0000000e+00, 3.3853841e-01, 0.0000000e+00,
          0.0000000e+00, 0.0000000e+00, 1.5031010e+00, 0.0000000e+00],
         [8.1514746e-02, 0.0000000e+00, 4.0679854e-01, 2.7501804e-01,
          0.0000000e+00, 0.0000000e+00, 4.0621549e-01, 4.3548575e-01],
         [6.0582048e-01, 0.0000000e+00, 0.0000000e+00, 4.5903403e-01,
          6.8017006e-01, 4.5535314e-01, 0.0000000e+00, 3.8400576e-01],
         [8.5850060e-01, 0.0000000e+00, 0.0000000e+00, 1.1579659e+00,
          1.5044203e+00, 1.1217600e+00, 0.0000000e+00, 0.0000000e+00],
         [8.4990352e-02, 0.0000000e+00, 7.3661095e-01, 0.0000000e+00,
          3.3833641e-01, 7.4629319e-01, 9.8614591e-01, 0.0000000e+00]]]],
      dtype=float32), array([[[[-0.6866781 , -6.08245   ,  0.3310002 , ..., -1.3372476 ,
          -1.6327454 , -0.8817722 ],
         [-1.3443657 , -5.701976  , -0.8346343 , ..., -0.01487279,
          -2.218155  , -1.3197325 ],
         [ 0.75628835, -4.278067  , -1.943201  , ..., -2.6234643 ,
          -0.7804959 , -3.1697357 ],
         ...,
         [-5.796204  , -5.551881  , -5.610961  , ..., -4.411647  ,
          -5.095042  , -6.228022  ],
         [-4.9804974 , -5.481034  , -7.057533  , ..., -4.6413603 ,
          -3.3557904 , -8.882159  ],
         [-5.4680824 , -2.098078  , -1.9013951 , ..., -6.8194246 ,
          -3.0475748 , -7.044307  ]],

        [[-0.26855522, -7.4684057 , -0.38967732, ..., -1.2861267 ,
          -1.7886605 , -2.2459607 ],
         [ 0.44027764, -6.202808  , -2.1978338 , ...,  0.99880224,
          -2.475302  , -3.4852133 ],
         [ 0.17901295, -6.767879  , -3.4135237 , ...,  0.1059078 ,
          -1.9159353 , -6.646899  ],
         ...,
         [-3.379505  , -2.3614483 , -7.1682577 , ..., -3.1183958 ,
           1.8804626 , -1.9708537 ],
         [-3.2582693 , -5.731761  , -7.058721  , ..., -1.3951494 ,
           1.6956636 , -5.78146   ],
         [-2.8711882 , -3.78963   , -2.4571629 , ..., -6.0502887 ,
           0.7960583 , -6.8314557 ]],

        [[-1.130569  , -8.349464  , -1.2679522 , ..., -1.6352774 ,
          -2.027472  , -1.4025418 ],
         [-0.9682711 , -6.2575064 ,  1.2723744 , ..., -0.804832  ,
          -0.77974105, -2.092937  ],
         [-2.9942482 , -7.366358  ,  2.4390893 , ..., -1.6169322 ,
          -0.35406342, -4.95087   ],
         ...,
         [ 1.584422  ,  1.1794283 , -5.50977   , ..., -0.75297993,
          -2.6619148 ,  1.2730253 ],
         [-2.591638  , -5.006226  , -4.2426353 , ...,  2.698367  ,
          -3.225934  , -2.3557396 ],
         [-4.2399044 , -2.5275605 , -0.7952852 , ..., -5.4536543 ,
          -4.0731735 , -4.7747736 ]],

        ...,

        [[-2.6370227 , -6.6917343 ,  0.42572337, ..., -2.5672889 ,
          -2.3271847 , -1.0170114 ],
         [-7.5282164 , -4.728049  ,  5.3232036 , ..., -5.8099675 ,
          -2.9709468 , -1.1173586 ],
         [-8.970396  , -4.2912574 ,  5.1432    , ..., -5.6129    ,
          -0.683272  , -2.7623646 ],
         ...,
         [ 0.56667143,  1.9007988 , -1.6972797 , ...,  1.6810213 ,
          -6.555964  ,  2.9025743 ],
         [-2.4391985 , -4.202563  , -2.3957808 , ...,  0.7891076 ,
          -5.990151  ,  1.8706036 ],
         [-0.01536722, -3.328813  , -2.1846855 , ..., -6.3026314 ,
          -3.298742  , -4.141469  ]],

        [[-1.8576603 , -2.6896377 , -2.3593748 , ..., -1.9357036 ,
          -2.5825121 ,  2.0779233 ],
         [-3.9886694 ,  2.0036287 , -2.0963612 , ..., -3.9141464 ,
          -1.9084729 ,  2.3433254 ],
         [-5.63811   ,  2.6527374 , -0.7249924 , ..., -3.8939383 ,
           2.0943725 ,  1.9776156 ],
         ...,
         [ 0.94878906,  2.3543646 , -1.9485216 , ...,  2.3589098 ,
          -6.017141  ,  0.913197  ],
         [-1.6486133 , -0.95863646,  0.39911404, ..., -0.68744993,
          -4.244512  , -0.66567194],
         [-0.6430623 , -2.8891673 , -0.48247668, ..., -6.6686306 ,
           0.3071213 , -1.4309278 ]],

        [[-2.891274  ,  0.5261152 , -2.7760525 , ..., -2.9835408 ,
          -2.0446537 , -0.7892885 ],
         [-5.4227095 ,  2.756683  , -1.880213  , ..., -2.2727795 ,
          -4.507496  , -1.1953065 ],
         [-8.524489  ,  2.4636219 ,  1.0684726 , ..., -1.6679479 ,
          -2.0871916 , -0.32628992],
         ...,
         [ 0.07492702,  1.6801037 , -1.7576125 , ...,  0.3360067 ,
          -3.6156375 ,  0.8705119 ],
         [-2.2593563 ,  0.60606   ,  2.1160219 , ..., -1.7187206 ,
          -3.6243389 , -1.3659117 ],
         [-3.8954406 , -0.39714235, -0.41976842, ..., -2.7177176 ,
          -0.443986  , -1.7494452 ]]]], dtype=float32), array([[[[-0.01265395, -1.7183415 , -0.16980809, ..., -0.04730797,
          -0.6287165 ,  0.33042276],
         [-0.3705489 , -1.5095699 , -0.6758425 , ...,  0.6046947 ,
          -1.1104501 ,  0.07875788],
         [ 0.7725674 , -0.72825086, -1.1571021 , ..., -0.68148273,
           0.07259977, -0.9843085 ],
         ...,
         [-2.793113  , -1.4272106 , -2.7493787 , ..., -1.563154  ,
          -3.4778411 , -2.74169   ],
         [-2.3492286 , -1.3883358 , -3.3773756 , ..., -1.6764152 ,
          -2.0466106 , -4.2668357 ],
         [-2.6145587 ,  0.4679403 , -1.138953  , ..., -2.750319  ,
          -1.7929798 , -3.2107515 ]],

        [[ 0.21487665, -2.4788353 , -0.4826743 , ..., -0.02210259,
          -0.7570191 , -0.45348012],
         [ 0.60060334, -1.7843835 , -1.2676452 , ...,  1.1044916 ,
          -1.3220565 , -1.1655912 ],
         [ 0.45843065, -2.0944462 , -1.7954099 , ...,  0.6642461 ,
          -0.8617535 , -2.9823892 ],
         ...,
         [-1.4780139 ,  0.32342526, -3.4254444 , ..., -0.9255109 ,
           2.262303  , -0.29539552],
         [-1.412041  , -1.5259134 , -3.3778915 , ..., -0.07585669,
           2.1102316 , -2.4850821 ],
         [-1.2014023 , -0.4602384 , -1.3802272 , ..., -2.3710933 ,
           1.3699465 , -3.0884407 ]],

        [[-0.25420678, -2.9622848 , -0.8639578 , ..., -0.19425285,
          -0.9535371 ,  0.03117329],
         [-0.16588885, -1.8143973 ,  0.23886847, ...,  0.21520185,
           0.07322097, -0.3655482 ],
         [-1.2683681 , -2.42284   ,  0.7453718 , ..., -0.18520766,
           0.42351103, -2.0078008 ],
         ...,
         [ 1.2232141 ,  2.2663548 , -2.7054486 , ...,  0.24076772,
          -1.4756203 ,  1.5686331 ],
         [-1.0492791 , -1.127802  , -2.1553502 , ...,  1.9424695 ,
          -1.9397517 , -0.51656234],
         [-1.946219  ,  0.23227715, -0.65875995, ..., -2.0769203 ,
          -2.6369452 , -1.9066105 ]],

        ...,

        [[-1.0739762 , -2.0526645 , -0.12868625, ..., -0.65378517,
          -1.2001708 ,  0.2527104 ],
         [-3.7356248 , -0.97516227,  1.9974461 , ..., -2.252602  ,
          -1.7299227 ,  0.19504791],
         [-4.520418  , -0.73548853,  1.9193015 , ..., -2.155437  ,
           0.1526053 , -0.750221  ],
         ...,
         [ 0.6693833 ,  2.6621811 , -1.0503408 , ...,  1.4408628 ,
          -4.6800337 ,  2.5050201 ],
         [-0.9663258 , -0.6868205 , -1.3535795 , ...,  1.0011007 ,
          -4.214426  ,  1.9120193 ],
         [ 0.35265434, -0.20738159, -1.2619371 , ..., -2.495512  ,
          -1.9996655 , -1.542695  ]],

        [[-0.6498692 ,  0.14334309, -1.3377746 , ..., -0.34237933,
          -1.4102798 ,  2.031151  ],
         [-1.8095039 ,  2.7186053 , -1.2235931 , ..., -1.3178592 ,
          -0.85561275,  2.183659  ],
         [-2.7070827 ,  3.0747807 , -0.6282439 , ..., -1.3078954 ,
           2.4383292 ,  1.9735112 ],
         ...,
         [ 0.8773209 ,  2.9110591 , -1.1594119 , ...,  1.7750987 ,
          -4.236636  ,  1.361865  ],
         [-0.53611183,  1.0931681 , -0.14023799, ...,  0.2730776 ,
          -2.7779398 ,  0.4546004 ],
         [ 0.0110805 ,  0.03385833, -0.5229611 , ..., -2.6759696 ,
           0.9676001 ,  0.01486182]],

        [[-1.2123325 ,  1.9078727 , -1.518666  , ..., -0.85902   ,
          -0.9676759 ,  0.38356668],
         [-2.5898678 ,  3.131817  , -1.1297573 , ..., -0.50857604,
          -2.9943492 ,  0.15025675],
         [-4.277768  ,  2.9710102 ,  0.15034914, ..., -0.21036118,
          -1.0026803 ,  0.6496193 ],
         ...,
         [ 0.40179002,  2.5410826 , -1.076533  , ...,  0.7776973 ,
          -2.260439  ,  1.337337  ],
         [-0.8684608 ,  1.9517395 ,  0.60511935, ..., -0.2353949 ,
          -2.267599  ,  0.05222195],
         [-1.7587714 ,  1.401268  , -0.49573767, ..., -0.72795475,
           0.3495139 , -0.16816768]]]], dtype=float32), array([[[[0.        , 0.        , 0.        , ..., 0.        ,
          0.        , 0.33042276],
         [0.        , 0.        , 0.        , ..., 0.6046947 ,
          0.        , 0.07875788],
         [0.7725674 , 0.        , 0.        , ..., 0.        ,
          0.07259977, 0.        ],
         ...,
         [0.        , 0.        , 0.        , ..., 0.        ,
          0.        , 0.        ],
         [0.        , 0.        , 0.        , ..., 0.        ,
          0.        , 0.        ],
         [0.        , 0.4679403 , 0.        , ..., 0.        ,
          0.        , 0.        ]],

        [[0.21487665, 0.        , 0.        , ..., 0.        ,
          0.        , 0.        ],
         [0.60060334, 0.        , 0.        , ..., 1.1044916 ,
          0.        , 0.        ],
         [0.45843065, 0.        , 0.        , ..., 0.6642461 ,
          0.        , 0.        ],
         ...,
         [0.        , 0.32342526, 0.        , ..., 0.        ,
          2.262303  , 0.        ],
         [0.        , 0.        , 0.        , ..., 0.        ,
          2.1102316 , 0.        ],
         [0.        , 0.        , 0.        , ..., 0.        ,
          1.3699465 , 0.        ]],

        [[0.        , 0.        , 0.        , ..., 0.        ,
          0.        , 0.03117329],
         [0.        , 0.        , 0.23886847, ..., 0.21520185,
          0.07322097, 0.        ],
         [0.        , 0.        , 0.7453718 , ..., 0.        ,
          0.42351103, 0.        ],
         ...,
         [1.2232141 , 2.2663548 , 0.        , ..., 0.24076772,
          0.        , 1.5686331 ],
         [0.        , 0.        , 0.        , ..., 1.9424695 ,
          0.        , 0.        ],
         [0.        , 0.23227715, 0.        , ..., 0.        ,
          0.        , 0.        ]],

        ...,

        [[0.        , 0.        , 0.        , ..., 0.        ,
          0.        , 0.2527104 ],
         [0.        , 0.        , 1.9974461 , ..., 0.        ,
          0.        , 0.19504791],
         [0.        , 0.        , 1.9193015 , ..., 0.        ,
          0.1526053 , 0.        ],
         ...,
         [0.6693833 , 2.6621811 , 0.        , ..., 1.4408628 ,
          0.        , 2.5050201 ],
         [0.        , 0.        , 0.        , ..., 1.0011007 ,
          0.        , 1.9120193 ],
         [0.35265434, 0.        , 0.        , ..., 0.        ,
          0.        , 0.        ]],

        [[0.        , 0.14334309, 0.        , ..., 0.        ,
          0.        , 2.031151  ],
         [0.        , 2.7186053 , 0.        , ..., 0.        ,
          0.        , 2.183659  ],
         [0.        , 3.0747807 , 0.        , ..., 0.        ,
          2.4383292 , 1.9735112 ],
         ...,
         [0.8773209 , 2.9110591 , 0.        , ..., 1.7750987 ,
          0.        , 1.361865  ],
         [0.        , 1.0931681 , 0.        , ..., 0.2730776 ,
          0.        , 0.4546004 ],
         [0.0110805 , 0.03385833, 0.        , ..., 0.        ,
          0.9676001 , 0.01486182]],

        [[0.        , 1.9078727 , 0.        , ..., 0.        ,
          0.        , 0.38356668],
         [0.        , 3.131817  , 0.        , ..., 0.        ,
          0.        , 0.15025675],
         [0.        , 2.9710102 , 0.15034914, ..., 0.        ,
          0.        , 0.6496193 ],
         ...,
         [0.40179002, 2.5410826 , 0.        , ..., 0.7776973 ,
          0.        , 1.337337  ],
         [0.        , 1.9517395 , 0.60511935, ..., 0.        ,
          0.        , 0.05222195],
         [0.        , 1.401268  , 0.        , ..., 0.        ,
          0.3495139 , 0.        ]]]], dtype=float32), array([[[[0.7725674 , 0.        , 0.7453718 , 0.        , 0.        ,
          0.3283406 , 0.        , 0.44736248, 0.5911543 , 0.96836907,
          0.        , 1.9674006 , 2.9871323 , 1.1044916 , 0.42351103,
          0.33042276],
         [1.2232141 , 2.2663548 , 0.        , 0.08016479, 0.        ,
          1.4149709 , 0.152093  , 1.9707615 , 3.3222332 , 0.        ,
          0.        , 1.7990067 , 1.8462411 , 0.24076772, 2.262303  ,
          1.5686331 ]],

        [[0.        , 0.        , 1.9974461 , 1.0411572 , 0.33563006,
          1.0300281 , 1.717104  , 0.        , 0.20635998, 3.4506576 ,
          0.67780566, 2.399211  , 0.20423505, 1.0572972 , 1.5836673 ,
          0.44039625],
         [0.6693833 , 2.9636292 , 2.141924  , 0.1924122 , 0.        ,
          0.874718  , 0.14303106, 3.6456556 , 3.3590257 , 1.9229672 ,
          1.3042142 , 1.3007975 , 0.1705955 , 1.4408628 , 0.        ,
          4.0600977 ]]]], dtype=float32), array([[0.7725674 , 0.        , 0.7453718 , 0.        , 0.        ,
        0.3283406 , 0.        , 0.44736248, 0.5911543 , 0.96836907,
        0.        , 1.9674006 , 2.9871323 , 1.1044916 , 0.42351103,
        0.33042276, 1.2232141 , 2.2663548 , 0.        , 0.08016479,
        0.        , 1.4149709 , 0.152093  , 1.9707615 , 3.3222332 ,
        0.        , 0.        , 1.7990067 , 1.8462411 , 0.24076772,
        2.262303  , 1.5686331 , 0.        , 0.        , 1.9974461 ,
        1.0411572 , 0.33563006, 1.0300281 , 1.717104  , 0.        ,
        0.20635998, 3.4506576 , 0.67780566, 2.399211  , 0.20423505,
        1.0572972 , 1.5836673 , 0.44039625, 0.6693833 , 2.9636292 ,
        2.141924  , 0.1924122 , 0.        , 0.874718  , 0.14303106,
        3.6456556 , 3.3590257 , 1.9229672 , 1.3042142 , 1.3007975 ,
        0.1705955 , 1.4408628 , 0.        , 4.0600977 ]], dtype=float32), array([[ -4.146118 , -10.858429 ,  -6.824195 ,  -3.3885293, -13.154916 ,
         -4.9890184,   2.212377 ,  -2.3600483,   4.051486 ,  -1.2601827]],
      dtype=float32), array([[2.3600853e-04, 2.8695129e-07, 1.6212642e-05, 5.0343614e-04,
        2.8870653e-08, 1.0159230e-04, 1.3626587e-01, 1.4080174e-03,
        8.5723913e-01, 4.2293486e-03]], dtype=float32)]
➜  keras-model-to-cpp git:(master) ✗ 
